cohort_year_month,cohort_revenue,cumulative_revenue
2019-11,30.0,30.0
2019-12,1130.0,1160.0
2020-01,460.0,1620.0
2020-02,635.0,2255.0
2020-03,645.0,2900.0
2020-04,1585.0,4485.0
2020-05,3930.0,8415.0
2020-06,14365.0,22780.0
2020-07,11135.0,33915.0
2020-08,5045.0,38960.0
2020-09,11400.0,50360.0
2020-10,23530.0,73890.0
2020-11,320.0,74210.0
